7:32,53,10,2,1,21,32,9,18/21/0,0,3,6,0,4,4,11,19
85:84,99,0,78,4,3,95,88,23,105/6/11,17,1,114,1,4,7,3
25:2,1,29,9,8,3,14,11,0,22/1/6,2,35,1,0,3,6,8,2,23
82:46,30,28,10,9,10,13,10,34/7/6,0,5,0,2,0,3,3,28
166:2,0,13,9,7,8,3,17/150/16,16,0,20,25,4,2,1,23
159:36,22,0,9,8,35,19,30,12,2/25/3,20,4,0,14,0,6,1,0,35
134:0,154,40,36,100,0,1,175,36,21/24/27,2,106,6,3,1,2,13,38
90:15,50,2,13,46,3,108,47,55,1/4/6,3,3,54,3,3,2,0,2,35
64:1,12,19,0,0,4,28,16,9,20/4/7,2,0,1,8,27,12,0,2,2,0,22
160:8,8,14,21,16,6,31,3,31/13/7,2,1,0,0,8,11,2,31
111:22,21,14,0,5,22,4,27,8,0/29/13,7,22,0,3,10,3,1,2,0,2,31
166:2,187,13,42,4,1,3,32/34/9,4,5,10,4,2,1,23
51:9,5,13,23,17,0,10,10,1,14/1/0,2,3,2,13,2,17,0,1,3,22